[[ 1.02000000e+02  1.02000000e+02  1.03000000e+02  1.03000000e+02
   1.04000000e+02  1.04000000e+02  1.05000000e+02  1.05000000e+02
   1.06000000e+02  1.06000000e+02  1.07000000e+02  1.07000000e+02]
 [-6.79577221e+01  1.12383994e+01 -6.80549595e+01 -2.57342516e+01
   3.92689495e-01 -3.73503809e+01 -4.89403308e+01 -1.69567064e+01
  -2.41971527e+00 -7.82611465e+01 -1.50605771e+01  2.45038245e+01]
 [-8.66721815e+01  1.02248865e+01 -8.68591765e+01 -3.02483108e+01
   1.78019238e+00 -4.73957521e+01 -5.89071642e+01 -1.52139130e+01
  -7.10580992e-02 -9.28766755e+01 -2.10107580e+01  1.92156060e+01]
 [-9.07935512e+01  1.34000615e+01 -9.29701730e+01 -3.08466948e+01
   2.62166987e+00 -5.27325894e+01 -6.51228779e+01 -1.53709888e+01
   1.55579838e+00 -1.00016145e+02 -1.94138207e+01  2.03674952e+01]
 [-7.66791688e+01  1.28876952e+01 -7.87510734e+01 -3.01959522e+01
   6.45506732e+00 -4.69768833e+01 -5.11094728e+01 -1.28091573e+01
  -6.17083493e-01 -8.50976836e+01 -1.92754444e+01  1.91408080e+01]
 [ 0.00000000e+00  0.00000000e+00  0.00000000e+00  0.00000000e+00
   0.00000000e+00  0.00000000e+00  0.00000000e+00  0.00000000e+00
   0.00000000e+00  0.00000000e+00  0.00000000e+00  0.00000000e+00]
 [ 0.00000000e+00  0.00000000e+00  0.00000000e+00  0.00000000e+00
   0.00000000e+00  0.00000000e+00  0.00000000e+00  0.00000000e+00
   0.00000000e+00  0.00000000e+00  0.00000000e+00  0.00000000e+00]
 [ 0.00000000e+00  0.00000000e+00  0.00000000e+00  0.00000000e+00
   0.00000000e+00  0.00000000e+00  0.00000000e+00  0.00000000e+00
   0.00000000e+00  0.00000000e+00  0.00000000e+00  0.00000000e+00]
 [ 0.00000000e+00  0.00000000e+00  0.00000000e+00  0.00000000e+00
   0.00000000e+00  0.00000000e+00  0.00000000e+00  0.00000000e+00
   0.00000000e+00  0.00000000e+00  0.00000000e+00  0.00000000e+00]
 [ 0.00000000e+00  0.00000000e+00  0.00000000e+00  0.00000000e+00
   0.00000000e+00  0.00000000e+00  0.00000000e+00  0.00000000e+00
   0.00000000e+00  0.00000000e+00  0.00000000e+00  0.00000000e+00]
 [ 0.00000000e+00  0.00000000e+00  0.00000000e+00  0.00000000e+00
   0.00000000e+00  0.00000000e+00  0.00000000e+00  0.00000000e+00
   0.00000000e+00  0.00000000e+00  0.00000000e+00  0.00000000e+00]
 [ 0.00000000e+00  0.00000000e+00  0.00000000e+00  0.00000000e+00
   0.00000000e+00  0.00000000e+00  0.00000000e+00  0.00000000e+00
   0.00000000e+00  0.00000000e+00  0.00000000e+00  0.00000000e+00]
 [ 0.00000000e+00  0.00000000e+00  0.00000000e+00  0.00000000e+00
   0.00000000e+00  0.00000000e+00  0.00000000e+00  0.00000000e+00
   0.00000000e+00  0.00000000e+00  0.00000000e+00  0.00000000e+00]
 [ 1.61378054e+09  1.61378054e+09  1.61378054e+09  1.61378054e+09
   1.61378054e+09  1.61378054e+09  1.61378054e+09  1.61378054e+09
   1.61378054e+09  1.61378054e+09  1.61378054e+09  1.61378054e+09]
 [ 0.00000000e+00  0.00000000e+00  0.00000000e+00  0.00000000e+00
   0.00000000e+00  0.00000000e+00  0.00000000e+00  0.00000000e+00
   0.00000000e+00  0.00000000e+00  0.00000000e+00  0.00000000e+00]]